160
38
179
70
12
91
100
243
118
206
96
80
145
166
135
241
103
23
104
228
142
150
105
149
125
109
52
218
148
28
20
136
213
42
233
221
139
230
5
222
63
134
21
53
101
158
235
175
43
86
225
97
59
202
82
205
209
128
168
46
26
131
196
72
138
219
6
170
37
64
124
45
119
253
71
223
240
93
29
151
83
32
244
47
210
220
35
182
232
106
248
16
57
36
74
115
9
199
192
184
111
153
61
171
189
169
159
48
68
27
62
90
56
154
242
76
226
165
185
251
107
167
194
215
152
146
121
50
238
7
3
144
126
73
147
216
110
141
231
137
249
207
234
79
92
217
186
198
212
247
33
180
229
252
172
31
195
87
176
211
66
129
227
130
239
133
224
255
163
204
112
191
214
75
237
99
89
84
178
188
236
25
156
40
95
174
208
55
132
22
120
49
78
44
54
51
94
88
246
140
41
127
164
114
18
181
173
39
187
14
2
17
10
200
250
155
254
183
0
116
245
177
190
13
69
81
15
8
60
65
4
34
201
197
11
157
1
85
117
30
143
24
161
113
123
102
77
162
98
108
122
193
58
203
19
67
